platformBlocks
actionIndicators
playerCheckpoints
5425, 575,
12000, 625,
16800, 500,
19825, 500,
35400, 575,
22650, 500,
29425, 450,
39150, 575,
43200, 575,
player
0, 640,
enemies
600, 625, enemy,
900, 625, enemy,
1200, 625, enemy,
1500, 625, enemy,
12300, 625, enemy,
14100, 525, enemy,
14700, 475, enemy,
7500, 575, enemy,
8100, 625, enemy,
8700, 625, enemy,
9900, 575, enemy,
10500, 625, enemy,
17100, 500, enemy,
19500, 500, enemy,
18900, 500, enemy,
19350, 500, enemy,
11700, 625, enemy,
20100, 500, enemy,
2700, 625, enemy,
3900, 675, enemy,
6300, 575, enemy,
4800, 625, enemy,
5100, 575, enemy,
15000, 400, enemy,
12600, 550, enemy,
11325, 625, enemy,
17400, 425, enemy,
18600, 425, enemy,
16275, 425, enemy,
3600, 675, enemy,
21600, 400, enemy,
21750, 400, enemy,
20700, 425, enemy,
23550, 425, enemy,
24000, 500, enemy,
24900, 500, enemy,
27975, 450, enemy,
27225, 500, enemy,
27375, 500, enemy,
26775, 500, enemy,
26625, 500, enemy,
26175, 500, enemy,
26025, 500, enemy,
28575, 550, enemy,
28425, 550, enemy,
29625, 450, enemy,
29775, 450, enemy,
29175, 450, enemy,
31575, 575, enemy,
32625, 500, enemy,
33150, 575, enemy,
33450, 575, enemy,
34050, 500, enemy,
33750, 500, enemy,
34350, 575, enemy,
34650, 575, enemy,
31350, 500, enemy,
34950, 575, enemy,
35100, 575, enemy,
35250, 575, enemy,
34725, 575, enemy,
35400, 575, enemy,
36600, 500, enemy,
37050, 625, enemy,
38250, 575, enemy,
39000, 575, enemy,
40050, 625, enemy,
41250, 575, enemy,
41850, 575, enemy,
43050, 575, enemy,
43950, 600, enemy,
44250, 600, enemy,
44850, 675, enemy,
37575, 575, enemy,
37650, 575, enemy,
37725, 575, enemy,
38625, 500, enemy,
39450, 575, enemy,
40350, 575, enemy,
40650, 575, enemy,
6750, 50, enemy,
7200, -25, enemy,
7500, 50, enemy,
7950, 50, enemy,
8400, 50, enemy,
8700, 50, enemy,
9000, 50, enemy,
9150, -25, enemy,
9450, 50, enemy,
9600, 50, enemy,
10800, -150, enemy,
11100, -150, enemy,
14250, -25, enemy,
14475, -25, enemy,
14850, -75, enemy,
15000, -150, enemy,
15225, -150, enemy,
15450, -75, enemy,
16350, -150, enemy,
16800, -75, enemy,
17100, -75, enemy,
18000, -75, enemy,
18300, -75, enemy,
18600, -75, enemy,
19050, -75, enemy,
19200, -75, enemy,
19500, -75, enemy,
19800, -125, enemy,
20100, -175, enemy,
20400, -225, enemy,
20700, -225, enemy,
20850, -225, enemy,
25800, -25, enemy,
26250, -25, enemy,
26400, -100, enemy,
27000, -25, enemy,
27225, -75, enemy,
27450, -75, enemy,
27600, -150, enemy,
28200, -25, enemy,
28425, -75, enemy,
28650, -75, enemy,
29250, -25, enemy,
29400, -25, enemy,
29625, -25, enemy,
29850, -25, enemy,
35550, 50, enemy,
35850, 50, enemy,
36000, -25, enemy,
37800, 50, enemy,
37950, -25, enemy,
38250, -25, enemy,
38700, 50, enemy,
39000, 0, enemy,
39300, -50, enemy,
39600, -100, enemy,
39900, -100, enemy,
40050, -50, enemy,
40200, 0, enemy,
40425, 0, enemy,
41100, 0, enemy,
41400, 0, enemy,
41625, 0, enemy,
41850, -75, enemy,
42600, 0, enemy,
42825, 0, enemy,
43050, 0, enemy,
43650, 0, enemy,
43800, 0, enemy,
44250, 0, enemy,
44475, 0, enemy,
8100, -25, enemy,
9900, 0, enemy,
10200, -50, enemy,
10500, -100, enemy,
11250, -150, enemy,
11625, -200, enemy,
11850, -100, enemy,
12000, -50, enemy,
12300, 50, enemy,
12600, 125, enemy,
12825, 125, enemy,
13050, 125, enemy,
13200, 50, enemy,
13500, 0, enemy,
13825, -50, enemy,
17400, -150, enemy,
15900, -75, enemy,
15975, -75, enemy,
16125, -75, enemy,
21600, -50, enemy,
21750, 50, enemy,
36600, -25, enemy,
37050, 50, enemy,
22200, 275, enemy,
14100, -25, enemy,
killFloors
12600, 725,
14925, 600,
15925, 600,
17275, 600,
18450, 600,
19475, 600,
20400, 600,
11450, 725,
3050, 750,
4350, 750,
5425, 675,
23600, 600,
24725, 600,
26625, 600,
27350, 600,
31425, 675,
32775, 675,
33850, 675,
36150, 700,
37950, 675,
38900, 675,
41500, 675,
40575, 700,
39250, 700,
42850, 725,
44050, 775,
21450, 600,
22150, 600,
30275, 675,
28775, 675,
29425, 625,
goalBlocks
45050, 675,
45050, 0,
breakableWalls
ziplines
21000, 400, 22275, 400,
30000, 350, 30600, 475,
11475, -250, 12400, 25,
21075, -325, 22450, 400,
30075, -125, 30975, 475,
placers
slideWalls
2475, 500,
2475, 575,
5925, 525,
17775, 450,
16575, 450,
15375, 450,
12975, 575,
6975, 525,
9375, 525,
11175, 575,
23725, 450,
24350, 450,
24400, 450,
24450, 450,
27100, 450,
28150, 500,
31725, 525,
32900, 525,
34450, 525,
32850, 525,
36225, 525,
36275, 525,
36800, 575,
38875, 525,
39825, 575,
41025, 525,
41650, 525,
44625, 625,
8300, 0,
16700, -125,
17625, -125,
18850, -125,
18125, -125,
18175, -125,
36375, 0,
36825, 0,
38475, 0,
40900, -50,
40700, -50,
15750, -125,
43350, -50,
44100, -50,
26775, -75,
26100, -75,
27975, -75,
28950, -75,
powerups
15975, 400,
12000, 525,
7875, 475,
3075, 525,
23875, 400,
32025, 500,
40800, -75,
36225, -25,
28875, 400,
18000, 400,
16950, -175,
jumpBoosts
6225, 450,
25200, 400,
35025, 475,
coins
39825, -200,
43500, -100,
44625, -100,
13200, 550,
25350, -50,
28300, 450,
20325, 400,
10275, 475,
6450, 100,
42225, 475,
39675, 475,
19300, -175,
17850, -175,
15100, -75,
9300, -50,
7650, -50,
6900, -50,
16500, -175,
27675, -100,
28125, -125,
26550, -25,
keyBindings
skips
mashes
37200, 50, 37500, 50,
42000, 0, 42300, 0,
25500, 500, 25800, 500,
22800, 500, 23100, 500,
holds
moveLines
loops
platformBlocks
75, 675, 270, 2026.5, (75, 675), 
2625, 675, 39, 226.5, (2625, 675), 
2475, 675, 20, 76.5, (2475, 675), 
2175, 675, 20, 76.5, (2175, 675), 
2925, 675, 20, 76.5, (2925, 675), 
2325, 675, 20, 76.5, (2325, 675), 
3225, 675, 39, 226.5, (3225, 675), 
3525, 725, 97, 676.5, (3525, 725), 
4425, 725, 39, 226.5, (4425, 725), 
4625, 725, 20, 76.5, (4625, 725), 
25, 675, 20, 76.5, (25, 675), 
4775, 675, 39, 226.5, (4775, 675), 
5075, 625, 20, 76.5, (5075, 625), 
5475, 625, 20, 76.5, (5475, 625), 
5200, 625, 20, 76.5, (5200, 625), 
5625, 625, 135, 976.5, (5625, 625), 
6825, 625, 135, 976.5, (6825, 625), 
7875, 675, 154, 1126.5, (7875, 675), 
9125, 625, 90, 626.5, (9125, 625), 
9975, 625, 20, 76.5, (9975, 625), 
9825, 625, 20, 76.5, (9825, 625), 
10125, 625, 20, 76.5, (10125, 625), 
10275, 675, 20, 76.5, (10275, 675), 
10575, 675, 20, 76.5, (10575, 675), 
10425, 675, 20, 76.5, (10425, 675), 
10725, 675, 97, 676.5, (10725, 675), 
11625, 675, 116, 826.5, (11625, 675), 
12400, 675, 20, 76.5, (12400, 675), 
12825, 675, 97, 676.5, (12825, 675), 
13625, 625, 32, 176.5, (13625, 625), 
13925, 575, 52, 326.5, (13925, 575), 
14375, 525, 71, 476.5, (14375, 525), 
15225, 550, 20, 76.5, (15225, 550), 
15075, 550, 20, 76.5, (15075, 550), 
15375, 550, 39, 226.5, (15375, 550), 
-125, 675, 20, 76.5, (-125, 675), 
16575, 550, 20, 76.5, (16575, 550), 
16425, 550, 20, 76.5, (16425, 550), 
16725, 550, 20, 76.5, (16725, 550), 
17025, 550, 20, 76.5, (17025, 550), 
16875, 550, 20, 76.5, (16875, 550), 
17175, 550, 20, 76.5, (17175, 550), 
17625, 550, 20, 76.5, (17625, 550), 
17475, 550, 20, 76.5, (17475, 550), 
17775, 550, 20, 76.5, (17775, 550), 
18075, 550, 20, 76.5, (18075, 550), 
17925, 550, 20, 76.5, (17925, 550), 
18375, 550, 20, 76.5, (18375, 550), 
18675, 550, 20, 76.5, (18675, 550), 
18975, 550, 20, 76.5, (18975, 550), 
18825, 550, 20, 76.5, (18825, 550), 
19275, 550, 58, 376.5, (19275, 550), 
19600, 550, 20, 76.5, (19600, 550), 
20025, 550, 39, 226.5, (20025, 550), 
20200, 550, 20, 76.5, (20200, 550), 
20575, 550, 20, 76.5, (20575, 550), 
20475, 550, 20, 76.5, (20475, 550), 
20850, 550, 20, 76.5, (20850, 550), 
15675, 550, 20, 76.5, (15675, 550), 
19875, 550, 20, 76.5, (19875, 550), 
20925, 550, 20, 76.5, (20925, 550), 
6675, 625, 20, 76.5, (6675, 625), 
15825, 550, 20, 76.5, (15825, 550), 
16125, 550, 20, 76.5, (16125, 550), 
22275, 550, 77, 526.5, (22275, 550), 
2950, 675, 20, 76.5, (2950, 675), 
4150, 725, 20, 76.5, (4150, 725), 
8975, 675, 20, 76.5, (8975, 675), 
11350, 675, 20, 76.5, (11350, 675), 
12675, 675, 20, 76.5, (12675, 675), 
13475, 675, 20, 76.5, (13475, 675), 
13775, 625, 20, 76.5, (13775, 625), 
14225, 575, 20, 76.5, (14225, 575), 
14800, 525, 20, 76.5, (14800, 525), 
15850, 550, 20, 76.5, (15850, 550), 
16150, 550, 20, 76.5, (16150, 550), 
17200, 550, 20, 76.5, (17200, 550), 
18100, 550, 20, 76.5, (18100, 550), 
18400, 550, 20, 76.5, (18400, 550), 
19000, 550, 20, 76.5, (19000, 550), 
22875, 550, 20, 76.5, (22875, 550), 
23325, 550, 20, 53.0999984741211, (23325, 550), 
23775, 550, 116, 803.099998474121, (23775, 550), 
24825, 550, 135, 976.5, (24825, 550), 
23625, 550, 20, 76.5, (23625, 550), 
23025, 550, 39, 226.5, (23025, 550), 
25875, 550, 58, 353.099998474121, (25875, 550), 
26475, 550, 58, 353.099998474121, (26475, 550), 
27075, 550, 58, 353.099998474121, (27075, 550), 
27675, 550, 29, 151.5, (27675, 550), 
27975, 600, 97, 660.899997711182, (27975, 600), 
28775, 550, 48, 301.5, (28775, 550), 
29150, 500, 119, 851.5, (29150, 500), 
27900, 600, 20, 76.5, (27900, 600), 
31425, 625, 77, 526.5, (31425, 625), 
32025, 675, 20, 76.5, (32025, 675), 
32375, 625, 20, 76.5, (32375, 625), 
31125, 625, 20, 53.0999984741211, (31125, 625), 
30975, 625, 20, 76.5, (30975, 625), 
30675, 625, 20, 76.5, (30675, 625), 
32475, 625, 20, 76.5, (32475, 625), 
32500, 625, 20, 76.5, (32500, 625), 
32775, 625, 116, 826.5, (32775, 625), 
33550, 625, 20, 76.5, (33550, 625), 
33825, 625, 20, 76.5, (33825, 625), 
33850, 625, 20, 76.5, (33850, 625), 
34125, 625, 173, 1276.5, (34125, 625), 
30825, 625, 20, 76.5, (30825, 625), 
32175, 675, 20, 76.5, (32175, 675), 
32225, 675, 20, 76.5, (32225, 675), 
35475, 625, 58, 376.5, (35475, 625), 
35800, 625, 20, 76.5, (35800, 625), 
36075, 625, 58, 376.5, (36075, 625), 
36400, 625, 20, 76.5, (36400, 625), 
36675, 675, 97, 676.5, (36675, 675), 
37325, 675, 20, 76.5, (37325, 675), 
37475, 625, 20, 76.5, (37475, 625), 
37750, 625, 20, 76.5, (37750, 625), 
37725, 625, 20, 76.5, (37725, 625), 
38025, 625, 77, 526.5, (38025, 625), 
38500, 625, 20, 76.5, (38500, 625), 
38775, 625, 58, 376.5, (38775, 625), 
39375, 625, 20, 76.5, (39375, 625), 
39775, 675, 20, 76.5, (39775, 675), 
39825, 675, 58, 376.5, (39825, 675), 
40175, 675, 20, 76.5, (40175, 675), 
40325, 625, 29, 151.5, (40325, 625), 
40725, 625, 97, 676.5, (40725, 625), 
41350, 625, 20, 76.5, (41350, 625), 
41625, 625, 71, 476.5, (41625, 625), 
42175, 675, 39, 226.5, (42175, 675), 
42525, 625, 20, 76.5, (42525, 625), 
42825, 625, 71, 476.5, (42825, 625), 
43375, 675, 39, 226.5, (43375, 675), 
43675, 725, 29, 151.5, (43675, 725), 
44025, 725, 20, 76.5, (44025, 725), 
44050, 725, 20, 76.5, (44050, 725), 
44325, 725, 116, 826.5, (44325, 725), 
37600, 625, 20, 76.5, (37600, 625), 
39225, 625, 20, 76.5, (39225, 625), 
39500, 625, 20, 76.5, (39500, 625), 
40675, 625, 20, 76.5, (40675, 625), 
42375, 675, 20, 76.5, (42375, 675), 
42550, 625, 20, 76.5, (42550, 625), 
6675, 100, 58, 376.5, (6675, 100), 
7025, 100, 129, 926.5, (7025, 100), 
7925, 100, 20, 76.5, (7925, 100), 
8325, 100, 97, 676.5, (8325, 100), 
8975, 100, 109, 776.5, (8975, 100), 
9875, 50, 20, 76.5, (9875, 50), 
9725, 100, 20, 76.5, (9725, 100), 
10025, 50, 20, 76.5, (10025, 50), 
10175, 0, 39, 226.5, (10175, 0), 
10475, -50, 20, 76.5, (10475, -50), 
10775, -100, 71, 476.5, (10775, -100), 
13875, 25, 116, 826.5, (13875, 25), 
14775, -25, 20, 76.5, (14775, -25), 
14825, -25, 52, 326.5, (14825, -25), 
15375, -25, 116, 826.5, (15375, -25), 
16175, -25, 148, 1076.5, (16175, -25), 
17225, -25, 263, 1976.5, (17225, -25), 
19175, -25, 71, 476.5, (19175, -25), 
19625, -25, 20, 76.5, (19625, -25), 
19775, -75, 39, 226.5, (19775, -75), 
20075, -125, 39, 226.5, (20075, -125), 
20375, -175, 90, 626.5, (20375, -175), 
25875, 25, 58, 376.5, (25875, 25), 
26225, 25, 129, 926.5, (26225, 25), 
27225, -25, 39, 226.5, (27225, -25), 
27425, -25, 20, 76.5, (27425, -25), 
27675, 25, 97, 676.5, (27675, 25), 
28425, -25, 32, 176.5, (28425, -25), 
28725, 25, 97, 676.5, (28725, 25), 
29375, 25, 84, 631.100021362305, (29375, 25), 
25725, 25, 20, 76.5, (25725, 25), 
25575, 25, 20, 76.5, (25575, 25), 
35475, 100, 58, 376.5, (35475, 100), 
35825, 100, 90, 626.5, (35825, 100), 
36425, 100, 186, 1376.5, (36425, 100), 
37775, 100, 52, 326.5, (37775, 100), 
38075, 100, 109, 776.5, (38075, 100), 
38825, 100, 20, 76.5, (38825, 100), 
38975, 50, 39, 226.5, (38975, 50), 
39275, 0, 20, 76.5, (39275, 0), 
39525, -50, 48, 301.5, (39525, -50), 
39900, 0, 20, 76.5, (39900, 0), 
40050, 50, 20, 76.5, (40050, 50), 
40425, 50, 97, 676.5, (40425, 50), 
41075, 50, 206, 1526.5, (41075, 50), 
42575, 50, 84, 576.5, (42575, 50), 
43125, 50, 97, 676.5, (43125, 50), 
43775, 50, 129, 926.5, (43775, 50), 
44675, 50, 20, 76.5, (44675, 50), 
8175, 100, 20, 76.5, (8175, 100), 
10625, -50, 20, 76.5, (10625, -50), 
11325, -100, 20, 76.5, (11325, -100), 
15125, -25, 20, 76.5, (15125, -25), 
18225, -25, 20, 76.5, (18225, -25), 
39375, 0, 20, 76.5, (39375, 0), 
40175, 50, 20, 76.5, (40175, 50), 
28675, 25, 20, 76.5, (28675, 25), 
27550, 25, 20, 76.5, (27550, 25), 
12525, 175, 97, 676.5, (12525, 175), 
13275, 125, 39, 226.5, (13275, 125), 
13575, 75, 39, 226.5, (13575, 75), 
44800, 50, 55, 351.5, (44800, 50), 
